75 835.26
140
40 40
 1 22 22 18 
 2 36 26 26 
 3 21 45 11 
 4 45 35 30 
 5 55 20 21 
 6 33 34 19 
 7 50 50 15 
 8 55 45 16 
 9 26 59 29 
 10 40 66 26 
 11 55 65 37 
 12 35 51 16 
 13 62 35 12 
 14 62 57 31 
 15 62 24 8 
 16 21 36 19 
 17 33 44 20 
 18 9 56 13 
 19 62 48 15 
 20 66 14 22 
 21 44 13 28 
 22 26 13 12 
 23 11 28 6 
 24 7 43 27 
 25 17 64 14 
 26 41 46 18 
 27 55 34 17 
 28 35 16 29 
 29 52 26 13 
 30 43 26 22 
 31 31 76 25 
 32 22 53 28 
 33 26 29 27 
 34 50 40 19 
 35 55 50 10 
 36 54 10 12 
 37 60 15 14 
 38 47 66 24 
 39 30 60 16 
 40 30 50 33 
 41 12 17 15 
 42 15 14 11 
 43 16 19 18 
 44 21 48 17 
 45 50 30 21 
 46 51 42 27 
 47 50 15 19 
 48 48 21 20 
 49 12 38 5 
 50 15 56 22 
 51 29 39 12 
 52 54 38 19 
 53 55 57 22 
 54 67 41 16 
 55 10 70 7 
 56 6 25 26 
 57 65 27 14 
 58 40 60 21 
 59 70 64 24 
 60 64 4 13 
 61 36 6 15 
 62 30 20 18 
 63 20 30 11 
 64 15 5 28 
 65 50 70 9 
 66 57 72 37 
 67 45 42 30 
 68 38 33 10 
 69 50 4 8 
 70 66 8 11 
 71 59 5 3 
 72 35 60 1 
 73 27 24 6 
 74 40 20 10 
 75 40 37 20 

10 0 1000000
    7  68    2   28   61   21   74   30
    8   6   33   63   23   56   24   49   16
    5  67   46   34    4   75
    9  51   73    1   43   41   42   64   22   62
   10  27   37   20   70   60   71   69   36   47   48 
    6  58   10   38   65   66   53
    6  26   12   39    9   40   17
    6   7   11   59   14   35    8 
    9  45   29    5   15   57   13   54   19   52
    9   3   44   32   50   18   55   25   31   72

 11  10 160 solution value : 909.6750533
    5  53  11  66  65  38
    6   9  25  55  18  50  32
    8  27  15  57  13  54  52  34  67
    6  69  71  60  70  20   4
    7  30  74  21  61  28   2  68
    7   6  73   1  42  64  22  62
    7  16  49  24   3  44  40  17
    8  45  29   5  37  36  47  48  75
    7  26  58  10  31  39  72  12
    7  33  43  41  56  23  63  51
    7   7  35  14  59  19   8  46