120 1042.11
200
10 45
 1 25 1 25
 2 25 3 7
 3 31 5 13
 4 32 5 6
 5 31 7 14
 6 32 9 5
 7 34 9 11
 8 46 9 19
 9 35 7 5
 10 34 6 15
 11 35 5 15
 12 47 6 17
 13 40 5 13
 14 39 3 12
 15 36 3 18
 16 73 6 13
 17 73 8 18
 18 24 36 12
 19 76 6 17
 20 76 10 4
 21 76 13 7
 22 78 3 12
 23 78 9 13
 24 79 3 8
 25 79 5 16
 26 79 11 15
 27 82 3 6
 28 82 7 5
 29 90 15 9
 30 84 3 11
 31 84 5 10
 32 84 9 3
 33 85 1 7
 34 87 5 2
 35 85 8 4
 36 87 7 4
 37 86 41 18
 38 86 44 14
 39 86 46 12
 40 85 55 17
 41 89 43 20
 42 89 46 14
 43 89 52 16
 44 92 42 10
 45 92 52 9
 46 94 42 11
 47 94 44 7
 48 94 48 13
 49 96 42 5
 50 99 46 4
 51 99 50 21
 52 83 80 13
 53 83 83 11
 54 85 81 12
 55 85 85 14
 56 85 89 10
 57 87 80 8
 58 87 86 16
 59 90 77 19
 60 90 88 5
 61 93 82 17
 62 93 84 7
 63 93 89 16
 64 94 86 14
 65 95 80 17
 66 99 89 13
 67 37 83 17
 68 50 80 13
 69 35 85 14
 70 35 87 16
 71 44 86 7
 72 46 89 13
 73 46 83 9
 74 46 87 11
 75 46 89 35
 76 48 83 5
 77 50 85 28
 78 50 88 7
 79 54 86 3
 80 54 90 10
 81 10 35 7
 82 10 40 12
 83 18 30 11
 84 17 35 10
 85 16 38 8
 86 14 40 11
 87 15 42 21
 88 11 42 4
 89 18 40 15
 90 21 39 16
 91 20 40 4
 92 18 41 16
 93 20 44 7
 94 22 44 10
 95 16 45 9
 96 20 45 11
 97 25 45 17
 98 30 55 12
 99 20 50 11
100 22 51 7
101 18 49 9
102 16 48 11
103 20 55 12
104 18 53 7
105 14 50 8
106 15 51 6
107 16 54 5
108 28 33 12
109 33 38 13
110 30 50 7
111 13 40 7
112 15 36 8
113 18 31 11
114 25 37 13
115 30 46 11
116 25 52 10
117 16 33 7
118 25 35 4
119 5 40 20
120 5 50 13

7 0 10000000
 21 109 21 20 23 26 28 32 35 29 36 34 31 30 33 27 24 22 25 19 16 17 207.943  197
 16 106 73 76 68 77 79 80 78 75 72 74 71 70 69 67 107 144.428  199
 18 119 81 112 84 117 113 83 108 118 18 114 90 91 89 85 86 111 82  66.957  188
 16 100 52 54 57 59 65 61 62 64 66 63 60 56 58 55 53 213.629  199
 16 8 12 13 14 15 11 10 9 7 6 5 4 3 1 2 88 134.963  199
 17 87 92 93 96 94 97 115 110 98 116 103 104 99 101 102 105 120  74.563  193
 16 95 37 38 39 42 41 44 47 46 49 50 51 48 45 43 40 199.625  200


 11 50 720
 10 40 43 45 48 51 50 47 42 39 38
 11 102 101 99 100 116 103 104 107 106 105 120
 12 88 82 111 86 85 112 84 113 83 117 81 119
 10 98 68 79 80 56 55 57 54 52 110
 12 2 1 3 4 11 15 14 13 9 10 5 6
 10 53 58 60 63 66 64 62 61 65 59
 13 87 92 89 91 90 18 118 114 97 94 93 96 95
 11 109 21 20 23 25 24 22 19 16 17 108
 10 7 8 12 27 30 33 34 36 31 28 
 10 26 32 35 29 49 46 44 41 37 115
 11 73 76 77 78 75 72 74 71 70 69 67