 150 1028.42
200
35 35
 1 41 49 10 
 2 35 17 7 
 3 55 45 13 
 4 55 20 19 
 5 15 30 26 
 6 25 30 3 
 7 20 50 5 
 8 10 43 9 
 9 55 60 16 
 10 30 60 16 
 11 20 65 12 
 12 50 35 19 
 13 30 25 23 
 14 15 10 20 
 15 30 5 8 
 16 10 20 19 
 17 5 30 2 
 18 20 40 12 
 19 15 60 17 
 20 45 65 9 
 21 45 20 11 
 22 45 10 18 
 23 55 5 29 
 24 65 35 3 
 25 65 20 6 
 26 45 30 17 
 27 35 40 16 
 28 41 37 16 
 29 64 42 9 
 30 40 60 21 
 31 31 52 27 
 32 35 69 23 
 33 53 52 11 
 34 65 55 14 
 35 63 65 8 
 36 2 60 5 
 37 20 20 8 
 38 5 5 16 
 39 60 12 31 
 40 40 25 9 
 41 42 7 5 
 42 24 12 5 
 43 23 3 7 
 44 11 14 18 
 45 6 38 16 
 46 2 48 1 
 47 8 56 27 
 48 13 52 36 
 49 6 68 30 
 50 47 47 13 
 51 49 58 10 
 52 27 43 9 
 53 37 31 14 
 54 57 29 18 
 55 63 23 2 
 56 53 12 6 
 57 32 12 7 
 58 36 26 18 
 59 21 24 28 
 60 17 34 3 
 61 12 24 13 
 62 24 58 19 
 63 27 69 10 
 64 15 77 9 
 65 62 77 20 
 66 49 73 25 
 67 67 5 25 
 68 56 39 36 
 69 37 47 6 
 70 37 56 5 
 71 57 68 15 
 72 47 16 25 
 73 44 17 9 
 74 46 13 8 
 75 49 11 18 
 76 49 42 13 
 77 53 43 14 
 78 61 52 3 
 79 57 48 23 
 80 56 37 6 
 81 55 54 26 
 82 15 47 16 
 83 14 37 11 
 84 11 31 7 
 85 16 22 41 
 86 4 18 35 
 87 28 18 26 
 88 26 52 9 
 89 26 35 15 
 90 31 67 3 
 91 15 19 1 
 92 22 22 2 
 93 18 24 22 
 94 26 27 27 
 95 25 24 20 
 96 22 27 11 
 97 25 21 12 
 98 19 21 10 
 99 20 26 9 
 100 18 18 17 
 101 37 52 7 
 102 49 49 30 
 103 52 64 16 
 104 20 26 9 
 105 40 30 21 
 106 21 47 15 
 107 17 63 19 
 108 31 62 23 
 109 52 33 11 
 110 51 21 5 
 111 42 41 19 
 112 31 32 29 
 113 5 25 23 
 114 12 42 21 
 115 36 16 10 
 116 52 41 15 
 117 27 23 3 
 118 17 33 41 
 119 13 13 9 
 120 57 58 28 
 121 62 42 8 
 122 42 57 8 
 123 16 57 16 
 124 8 52 10 
 125 7 38 28 
 126 27 68 7 
 127 30 48 15 
 128 43 67 14 
 129 58 48 6 
 130 58 27 19 
 131 37 69 11 
 132 38 46 12 
 133 46 10 23 
 134 61 33 26 
 135 62 63 17 
 136 63 69 6 
 137 32 22 9 
 138 45 35 15 
 139 59 15 14 
 140 5 6 7 
 141 10 17 27 
 142 21 10 13 
 143 5 64 11 
 144 30 15 16 
 145 39 10 10 
 146 32 39 5 
 147 25 32 25 
 148 25 55 17 
 149 48 28 18 
 150 56 37 10 


12 0 99999
  16  69 101  70  30  20 128  66  71  65 136  35 135  34  78 129  79
  15 137   2 115 145  41  22 133  23  56  75  74  72  73  21  40
  13 138 109  54 130  55  25  67  39 139   4 110 149  26
  12 132   1 122  51 103   9 120  81  33 102  50 111
  13  27  31  10 108 131  32  90  63 126  62 148  88 127
  15  18 114  46 124  47  36 143  49  64  11 107  19 123   7 146
  11  89 118  60  83 125  45   8  48  82 106  52
  13 147   5  84  17 113  86 140  38  43  15  57 144  58
   3 105  53 112
  13  28  76 116  77   3 121  29  24 134  80 150  68  12
  15   6  96  99 104  61  16 141  44 119  14 142  42  87  97 117
  11  94  59  93  85  91 100  37  98  92  95  13

14 10 200
 12   31   10  108   90   32  131  128   30   70  101   69  132
 13  111   76  116   77    3   79  129   29  121   68   80  150   28
  9  146   89  147    6   96   99  104   94  112
 10   72   75   56   23   67   39  139    4  110  105
  8   48   47   36  143   49   64   63  126
 11   26  149   54  130   55   25   24  134  109   12  138
  9   78   34  135   35  136   65   71  103   51
 12   27  127   88  148   62   11  107   19  123    7  106   52
 11   18   82  124   46   45  125    8  114   83   60  118
 10    5   84   17  113   86  140   38   14  100   95
 10   50  102   33   81  120    9   66   20  122    1
 11  137   87  144   57   15   43  142   42   97  117   13
 12   59   93   85   61   16  141   44  119   91   98   37   92
 12   53   40   21   73   74  133   22   41  145  115    2   58