199 1291.45
200
35 35
 1 41 49 10 
 2 35 17 7 
 3 55 45 13 
 4 55 20 19 
 5 15 30 26 
 6 25 30 3 
 7 20 50 5 
 8 10 43 9 
 9 55 60 16 
 10 30 60 16 
 11 20 65 12 
 12 50 35 19 
 13 30 25 23 
 14 15 10 20 
 15 30 5 8 
 16 10 20 19 
 17 5 30 2 
 18 20 40 12 
 19 15 60 17 
 20 45 65 9 
 21 45 20 11 
 22 45 10 18 
 23 55 5 29 
 24 65 35 3 
 25 65 20 6 
 26 45 30 17 
 27 35 40 16 
 28 41 37 16 
 29 64 42 9 
 30 40 60 21 
 31 31 52 27 
 32 35 69 23 
 33 53 52 11 
 34 65 55 14 
 35 63 65 8 
 36 2 60 5 
 37 20 20 8 
 38 5 5 16 
 39 60 12 31 
 40 40 25 9 
 41 42 7 5 
 42 24 12 5 
 43 23 3 7 
 44 11 14 18 
 45 6 38 16 
 46 2 48 1 
 47 8 56 27 
 48 13 52 36 
 49 6 68 30 
 50 47 47 13 
 51 49 58 10 
 52 27 43 9 
 53 37 31 14 
 54 57 29 18 
 55 63 23 2 
 56 53 12 6 
 57 32 12 7 
 58 36 26 18 
 59 21 24 28 
 60 17 34 3 
 61 12 24 13 
 62 24 58 19 
 63 27 69 10 
 64 15 77 9 
 65 62 77 20 
 66 49 73 25 
 67 67 5 25 
 68 56 39 36 
 69 37 47 6 
 70 37 56 5 
 71 57 68 15 
 72 47 16 25 
 73 44 17 9 
 74 46 13 8 
 75 49 11 18 
 76 49 42 13 
 77 53 43 14 
 78 61 52 3 
 79 57 48 23 
 80 56 37 6 
 81 55 54 26 
 82 15 47 16 
 83 14 37 11 
 84 11 31 7 
 85 16 22 41 
 86 4 18 35 
 87 28 18 26 
 88 26 52 9 
 89 26 35 15 
 90 31 67 3 
 91 15 19 1 
 92 22 22 2 
 93 18 24 22 
 94 26 27 27 
 95 25 24 20 
 96 22 27 11 
 97 25 21 12 
 98 19 21 10 
 99 20 26 9 
 100 18 18 17 
 101 37 52 7 
 102 49 49 30 
 103 52 64 16 
 104 20 26 9 
 105 40 30 21 
 106 21 47 15 
 107 17 63 19 
 108 31 62 23 
 109 52 33 11 
 110 51 21 5 
 111 42 41 19 
 112 31 32 29 
 113 5 25 23 
 114 12 42 21 
 115 36 16 10 
 116 52 41 15 
 117 27 23 3 
 118 17 33 41 
 119 13 13 9 
 120 57 58 28 
 121 62 42 8 
 122 42 57 8 
 123 16 57 16 
 124 8 52 10 
 125 7 38 28 
 126 27 68 7 
 127 30 48 15 
 128 43 67 14 
 129 58 48 6 
 130 58 27 19 
 131 37 69 11 
 132 38 46 12 
 133 46 10 23 
 134 61 33 26 
 135 62 63 17 
 136 63 69 6 
 137 32 22 9 
 138 45 35 15 
 139 59 15 14 
 140 5 6 7 
 141 10 17 27 
 142 21 10 13 
 143 5 64 11 
 144 30 15 16 
 145 39 10 10 
 146 32 39 5 
 147 25 32 25 
 148 25 55 17 
 149 48 28 18 
 150 56 37 10 
 151 22 22 18 
 152 36 26 26 
 153 21 45 11 
 154 45 35 30 
 155 55 20 21 
 156 33 34 19 
 157 50 50 15 
 158 55 45 16 
 159 26 59 29 
 160 40 66 26 
 161 55 65 37 
 162 35 51 16 
 163 62 35 12 
 164 62 57 31 
 165 62 24 8 
 166 21 36 19 
 167 33 44 20 
 168 9 56 13 
 169 62 48 15 
 170 66 14 22 
 171 44 13 28 
 172 26 13 12 
 173 11 28 6 
 174 7 43 27 
 175 17 64 14 
 176 41 46 18 
 177 55 34 17 
 178 35 16 29 
 179 52 26 13 
 180 43 26 22 
 181 31 76 25 
 182 22 53 28 
 183 26 29 27 
 184 50 40 19 
 185 55 50 10 
 186 54 10 12 
 187 60 15 14 
 188 47 66 24 
 189 30 60 16 
 190 30 50 33 
 191 12 17 15 
 192 15 14 11 
 193 16 19 18 
 194 21 48 17 
 195 50 30 21 
 196 51 42 27 
 197 50 15 19 
 198 48 21 20 
 199 12 38 5
 
17 0 1000000
 15  89 166  60  84  17 113  86 140  38  14  43  15  57 144 137     11.707
 14  59 151  92  37  98 100 193  91  85  93 104  99  96   6      57.16
 14  82  46 124 168  47  36 143  49  64  11 175 107  19 123     130.75
 14 101 122  20 188  66  71  65 136  35 135 164  34  78  50     122.73
 14 195 134 163  24  29 121 169 129  79 185 158   3  77 184      83.23
 13   2 178 115 145  41  22 133  75  74 171  73  21 105      70.37
 13  54 130 165  55  25 170  67  23 186  56 197  72  40      99.52
 13 189  10 108  90 126  63 181  32 131 160 128  30  70      97.10
 13   5 173  61  16 141 191  44 119 192 142  42 172  87      83.15
 12 146  88 148 159  62 182  48   7 194 106 153  52      73.44
 11  26 149 179 155   4 139 187  39 110 198 180      71.21
 11  76 196 116  68  80 150 177 109  12 138 154      49.68
 11  27 167 127 190  31 162  69 132 176 111  28      47.25
 10 147 118  83 199 125  45 174   8 114  18      66.14
 10   1  51 103 161   9 120  81  33 157 102      77.09
 10 112 183  94  95  97 117  13  58 152  53      41.08
  1 156       4.48

18 10 230  1395.853468
 12   21  197   56  186   39  187  139    4  155  110  198  180   74.542     194
 13   40   73  171   74  133   22   41  145  115  178    2  152   58   65.428   200
 13  138  154  109  177  150   80  163   24  134   54  179  149   26   68.147     196
 13  167  127   88  148  159   62  182    7  194  106  153   52  146   61.353     199
 10  195  130  165   55   25  170   67   23   75   72   97.855     175
  3  105   53  156   17.469      54
 11  100  192  119   14   38  140   44  191   91  193   59   89.707     160
 14  112    6   96  104   99   93   85   98   37  151   92   97  117   13  51.640     200
 11   89   84   17  113   86  141   16   61  173    5  147   85.466     198
 12  137  144   57   15   43  142   42  172   87   95   94  183   79.982     177
 10  123   19   49  143   36   47  168  124   48   82   99.439     181
 12  166  118   60   83  199  125   45   46  174    8  114   18   79.649     193
 13  111   50  102  157   33  185  129  158    3   77  116  184   28   58.667     197
 11   12   68  121   29  169   34  164   78   79  196   76   85.359     198
 11  176   51  103   66  188   20  128  122    1  132   27   89.554     162
  9   31  189  126   63  181   64   11  175  107  109.612     139
 12  190   10  108   90   32  131  160   30   70  101  162   69   77.636     190
  9   81  120  135   35  136   65   71  161    9  104.345     173